bird0_0 48 48 0.0 0.9472656 0.046875 0.046875
bird0_1 48 48 0.0546875 0.9472656 0.046875 0.046875
bird0_2 48 48 0.109375 0.9472656 0.046875 0.046875
bird1_0 48 48 0.1640625 0.9472656 0.046875 0.046875
bird1_1 48 48 0.21875 0.6308594 0.046875 0.046875
bird1_2 48 48 0.21875 0.6816406 0.046875 0.046875
bird2_0 48 48 0.21875 0.7324219 0.046875 0.046875
bird2_1 48 48 0.21875 0.7832031 0.046875 0.046875
bird2_2 48 48 0.21875 0.8339844 0.046875 0.046875
blink_0 10 10 0.26953125 0.6660156 0.009765625 0.009765625
blink_1 10 10 0.26953125 0.7167969 0.009765625 0.009765625
blink_2 10 10 0.26953125 0.7675781 0.009765625 0.009765625